kinematics:
  shoulder:
    x: 0
    y: 0
    z: 0.1627167191435687
    roll: -0
    pitch: 0
    yaw: 5.572937705148467e-08
  upper_arm:
    x: 0.000170505472201999
    y: 0
    z: 0
    roll: 1.570570106129551
    pitch: 0
    yaw: 2.276735909636176e-06
  forearm:
    x: -0.4253575624852993
    y: 0
    z: 0
    roll: 3.141343700189541
    pitch: -3.140979662426577
    yaw: -3.141583779822109
  wrist_1:
    x: -0.392613960264918
    y: -0.0005322480275211881
    z: 0.1329230879826872
    roll: 0.004004159029357096
    pitch: -0.001458285777678979
    yaw: -4.293208440476652e-09
  wrist_2:
    x: -7.771239857307453e-05
    y: -0.09977579336011998
    z: 5.49585000125762e-05
    roll: 1.57024550687552
    pitch: 0
    yaw: 2.483415121549288e-08
  wrist_3:
    x: -6.636303863626575e-06
    y: 0.09959257021548884
    z: 5.339819523167962e-05
    roll: 1.571332493197664
    pitch: 3.141592653589793
    yaw: 3.141592594773729
  hash: calib_1919144596799550491