kinematics:
  shoulder:
    x: 0
    y: 0
    z: 0.1627079960103761
    roll: -0
    pitch: 0
    yaw: -4.854175137865031e-07
  upper_arm:
    x: 0.0001783081959957018
    y: 0
    z: 0
    roll: 1.570580254541895
    pitch: 0
    yaw: 3.684941829640962e-06
  forearm:
    x: -0.4252428804124377
    y: 0
    z: 0
    roll: 3.141029614333193
    pitch: -3.141344015740918
    yaw: -3.14158939876499
  wrist_1:
    x: -0.3925060323998819
    y: -0.0003812307981648793
    z: 0.1330242558555588
    roll: 0.002865866469278995
    pitch: -0.0008539979106282176
    yaw: -4.130039804681762e-06
  wrist_2:
    x: 4.407247162970601e-06
    y: -0.09981448524114767
    z: -4.225082769226537e-06
    roll: 1.570838656149764
    pitch: 0
    yaw: 1.00249484141085e-07
  wrist_3:
    x: 0.0001177521550426786
    y: 0.09941142421395781
    z: 0.0001101812858341674
    roll: 1.571904662598246
    pitch: 3.141592653589793
    yaw: 3.141592605035313
  hash: calib_8833679181651376301